Kentucky,1,.58,1,1.124,.821
Hampton,.4848,.446,16,.934,.95
Cincinnati,.6875,.557,8,1.001,.9
Purdue,.6363,.552,9,1.031,.953
West Virginia,.90625,.577,5,1.025,.943
Buffalo,.6875,.54,12,1.056,.966
Maryland,.8181,.564,4,1.037,.951
Valparaiso,.875,.477,13,1.044,.917
Butler,.6875,.569,6,1.028,.909
Texas, .6060,.577,11,1.025,.917
Notre Dame,.8529,.563,3,1.179,.994
Northeastern,.67647,.489,14,1.0461,.995
Wichita State,.875,.543,7,1.083,.898
Indiana,.6060,.569,10,1.124,1.041
Kansas,.7647,.623,2,1.039,.947
New Mexico State,.6969,.507,15,1.047,.933
Wisconsin,.91176,.605,1,1.191,.948
Coastal Carolina,.7272,.456,16,1.064,.986
Oregon,.73529,.567,8,1.0646,1.01
Oklahoma State,.580645,.587,9,1.006,.956
Arkansas,.7647,.63,5,1.07,.97
Wofford,.823529,.487,12,1.034,.946
North Carolina,.6857,.621,4,1.086,.962
Harvard,.7586206,.509,13,.992,.918
Xavier,.617647,.591,6,1.077,.989
Mississippi,.625,.555,11,1.047,.984
Baylor,.7272,.596,3,1.065,.933
Georgia State,.7272,.507,14,1.063,.949
VCU,.742857,.579,7,1.039,.943
Ohio State,.6969,.557,10,1.106,.925
Arizona,.911764,.581,2,1.1124,.875
Texas Southern,.64705,.461,15,1.001,1
Villanova, .9,.5,1,1.134,.903
Lafayette,.625,.497,16,1.098,1.102
NC State,.6060,.598,8,1.052,.986
LSU,.6875,.534,9,1.007,.923
UNI,.9090,.501,5,1.094,.917
Wyoming,.73529,.502,12,1.001,.938
Louisville,.75,.583,4,1.026,.89
UC Irvine,.6363,.504,13,1.013,.965
Providence,.6667,.589,6,1.024,.9622
Dayton,.7575,.534,11,1.027,.923
Oklahoma,.6667,.588,3,1.029,.903
Albany,.75,.46,14,1.038,.961
Michigan State,.67647, .604,7,1.07,.958
Georgia,.65625,.562,10,1.001,.944
Virginia,.90625,.576,2,1.086,.855
Belmont,.6875,.48,15,1.073,1.027
Duke,.87878,.61,1,1.1772,.94
Robert Morris,.5757,.484,16,.999,.992
San Diego State,.764705,.547,8,.978,.857
Saint John's,.65625,.57,9,1.01,.969
Utah,.75,.58,5,1.104,.893
SF Austin,.8787,.493,12,1.125,.94
Georgetown,.677419,.588,4,1.055,.971
Eastern Washington,.76475,.481,13,1.127,1.061
SMU,.8181,.558,6,1.067,.922
UCLA,.6060,.579,11,1.036,.981
Iowa State,.7575,.583,3,1.093,.969
UAB,.5588,.525,14,.983,.978
Iowa,.65625,.572,7,1.046,.935
Davidson,.77419,.522,10,1.138,1.011
Gonzaga,.94,.552,2,1.161,.922
North Dakota State,.71875,.470,15,1.012,.982
