Villanova,.91176471,.58,1,1.156,.935
NEW ORLEANS,.607,.461,16,.997,.978
Wisconsin,.75757576,.545,8,1.08,.912
Virginia Tech,.6875,.55,9,1.106,1.038
Virginia,.6875,.597,5,1.064,.888
UNC Wilmington,.84375,.515,12,1.154,1.029
Florida,.75,.594,4,1.076,.915
East Tennessee St,.78125,.493,13,1.076,.939
SMU,.8787,.533,6,1.142,.917
PROVIDENCE,.625,.561,11,1.013,.96
Baylor,.77419,.595,3,1.077,.948
New Mexico St,.83333,.471,14,1.091,.959
South Carolina,.6774,.563,7,.986,.891
Marquette,.6129,.56,10,1.139,1.035
Duke,.77152,.599,2,1.135,.983
Troy,.5588,.474,15,1.071,1.021
Kansas,.875,.581,1,1.123,.983
NC CENTRAL,.7333,.384,16,1.048,.914
Miami,.65625,.569,8,1.036,.951
Michigan State,.5757,.591,9,1.03,.981
Iowa State,.6969,.582,5,1.103,.982
Nevada,.875,.52,12,1.102,.977
Purdue,.78125,.558,4,1.109,.93
Vermont,.875,.492,13,1.103,.944
Creighton,.7272,.568,6,1.101,.981
Rhode Island,.71875,.552,11,1.056,.933
Oregon,.8484,.568,3,1.111,.923
Iona,.647,.5,14,1.08,1.025
Michigan,.64647,.575,7,1.142,1.004
Oklahoma St,.6129,.585,10,1.141,.998
Louisville,.75,.609,2,1.095,.93
Jacksonville St,.413,.401,15,.943,1
North Carolina,.7878,.59,1,1.139,.958
Texas Southern,.6764,.448,16,1.038,1.002
Arkansas,.7575,.555,8,1.095,1.006
Seton Hall,.65625,.567,9,1.029,.985
Minnesota,.72727,.582,5,1.012,.928
Middle Tennessee,.8787,.502,12,1.098,.937
Butler,.7419,.591,4,1.109,.994
Winthrop,.8,.474,13,1.064,.955
Cincinnati,.8787,.545,6,1.105,.891
WAKE FOREST,.5937,.583,11,1.128,1.063
UCLA,.8787,.54,3,1.185,.988
Kent State,.6176,.487,14,1.035,.993
Dayton,.7666,.547,7,1.065,.936
Wichita st,.8787,.508,10,1.139,.871
Kentucky,.8484,.583,2,1.119,.933
Northern Kentucky,.6875,.482,15,1.046,1.004
Gonzaga,.96,.54,1,1.166,.843
South Dakota st,.5,.5,16,1.034,1.093
Northwestern,.6764,.556,8,1.039,.951
Vanderbilt,.558,.612,9,1.038,.993
Notre Dame,.73529,.573,5,1.12,.994
Princeton,.777,.499,12,1.065,.935
West Virginia,.7647,.556,4,1.102,.892
Bucknell,.7647,.489,13,1.062,.94
Maryland,.742,.562,6,1.051,.98
Xavier,.6176,.587,11,1.062,1.015
Florida State,.7575,.584,3,1.116,.965
Florida Gulf Coast,.7666,.472,14,1.094,1.007
Saint Mary's,.875,.543,7,1.161,.911
VCU,.7878,.553,10,1.044,.923
Arizona,.88235,.582,2,1.106,.949
North Dakota,.6785,.448,15,1.046,.988
